A=[ 20  -6  -12   1
    -6   2   2   -1
    -12  2   20  -1
    1    -1   -1  0];
B=[1;1;1;0];
x=A\B